Bleu_1:0.22173380739493587
Bleu_2:0.10723831404420099
Bleu_3:0.056677248074900266
Bleu_4:0.03237136839660166
METEOR:0.08628558665394707
ROUGE_L:0.1594719821541781
CIDEr:0.035575855825608876
